00000000000000000000000000000000000000000000000000
00000000000000000000000000000000000000000000000000
00000001000000000010000000011000000000100000000000
00001111111000000100000000000000000111111100000000
00111111111100011000010001100000000111111111000000
11111111110001000001100000000000100011111111110000
11111111100000001110000110000000000001111111100100
11111111000000000000011011000000000000111111110010
11111110000000000111100000111100000000011111110000
11111100000001100000000100000000110000001111111110
11111000000010000000011110000000000000000111111110
11110000000000000011000100110000000000000011111100
11100000000000000000000000100000000000000001111110
11100000000000010000100100000000010000000001111110
01100000000000100000000100100001011000000001100000
00100000000111100110001110011101111100000001000000
00110010111111111000111111100011111111000011000000
00100111111111100000000000000000111111111001000000
00100011111110000000111111000000011111110001000000
01000011011100000001111111110000001110110000100000
01000011101000000111111111111000000101110000100000
11000000111000011111111111111111000011000000100000
10001000010001110111111111111101110011000100000000
10001000110010000000111111000000010001000100100000
10001001110100000000011111000000001101101100100000
11001101011000000000001111000000000111001100100000
01001110011000000000111111100000000011011000100000
01001110010000000001111111100000000011001000100000
01000100110000000001111111110000000001001001000000
00100100110000000011100000111000000001001001000000
00110100110000000111111110111100000001001011000000
00011101000000001110000000001100000000101110000000
00001110000000001100000000000100000000111100000000
00000110000000001000000000000110000000011000000000
00000010000000011000000000000010000000010000000000
00000010000000011001000000000010000000010000000000
00000010000000011001100001100011000000010000000000
00000011000000111111111111111111000000110000000000
00000001100001111111111111111111110001100000000000
00000000111111111111111111111111111111000000000000
00000000001111000000011110000000111100000000000000
00000000000000111100011110000111000000000000000000
00000000000000000010110001111000000000000000000000
00000000000000000000000000000000000000000000000000
00000000000000000000000000000000000000000000000000
00000000000000000000000000000000000000000000000000

00000000000000000000000000000000000000000000000000
00000000000000000000000000000000000000000000000000
00000000000000000000000000000000000000000000000000
00000000000000000000000000000000000000000000000000
00000000000000000000000000000000000000000000000000
00000001000000000010000000011000000000100000000000
00001111111000000100000000000000000111111100000000
00111111111100011000010001100000000111111111000000
11111111110001000001100000000000100011111111110000
11111111100000001110000110000000000001111111100100
11111111000000000000011011000000000000111111110010
11111110000000000111100000111100000000011111110000
11111100000001100000000100000000110000001111111110
11111000000010000000011110000000000000000111111110
11110000000000000011000100110000000000000011111100
11100000000000000000000000100000000000000001111110
11100000000000010000100100000000010000000001111110
01100000000000100000000100100001011000000001100000
00100000000111100110001110011101111100000001000000
00110010111111111000111111100011111111000011000000
00100111111111100000000000000000111111111001000000
00100011111110000000111111000000011111110001000000
01000011011100000001111111110000001110110000100000
01000011101000000111111111111000000101110000100000
11000000111000011111111111111111000011000000100000
10001000010001110111111111111101110011000100000000
10001000110010000000111111000000010001000100100000
10001001110100000000011111000000001101101100100000
11001101011000000000001111000000000111001100100000
01001110011000000000111111100000000011011000100000
01001110010000000001111111100000000011001000100000
01000100110000000001111111110000000001001001000000
00100100110000000011100000111000000001001001000000
00110100110000000111111110111100000001001011000000
00011101000000001110000000001100000000101110000000
00001110000000001100000000000100000000111100000000
00000110000000001000000000000110000000011000000000
00000010000000011000000000000010000000010000000000
00000010000000011001000000000010000000010000000000
00000010000000011001100001100011000000010000000000
00000011000000111111111111111111000000110000000000
00000001100001111111111111111111110001100000000000
00000000111111111111111111111111111111000000000000
00000000001111000000011110000000111100000000000000
00000000000000111100011110000111000000000000000000
00000000000000000010110001111000000000000000000000

00000001000000000010000000011000000000100000000000
00001111111000000100000000000000000111111100000000
00111111111100011000010001100000000111111111000000
11111111110001000001100000000000100011111111110000
11111111100000001110000110000000000001111111100100
11111111000000000000011011000000000000111111110010
11111110000000000111100000111100000000011111110000
11111100000001100000000100000000110000001111111110
11111000000010000000011110000000000000000111111110
11110000000000000011000100110000000000000011111100
11100000000000000000000000100000000000000001111110
11100000000000010000100100000000010000000001111110
01100000000000100000000100100001011000000001100000
00100000000111100110001110011101111100000001000000
00110010111111111000111111100011111111000011000000
00100111111111100000000000000000111111111001000000
00100011111110000000111111000000011111110001000000
01000011011100000001111111110000001110110000100000
01000011101000000111111111111000000101110000100000
11000000111000011111111111111111000011000000100000
10001000010001110111111111111101110011000100000000
10001000110010000000111111000000010001000100100000
10001001110100000000011111000000001101101100100000
11001101011000000000001111000000000111001100100000
01001110011000000000111111100000000011011000100000
01001110010000000001111111100000000011001000100000
01000100110000000001111111110000000001001001000000
00100100110000000011100000111000000001001001000000
00110100110000000111111110111100000001001011000000
00011101000000001110000000001100000000101110000000
00001110000000001100000000000100000000111100000000
00000110000000001000000000000110000000011000000000
00000010000000011000000000000010000000010000000000
00000010000000011001000000000010000000010000000000
00000010000000011001100001100011000000010000000000
00000011000000111111111111111111000000110000000000
00000001100001111111111111111111110001100000000000
00000000111111111111111111111111111111000000000000
00000000001111000000011110000000111100000000000000
00000000000000111100011110000111000000000000000000
00000000000000000010110001111000000000000000000000
00000000000000000000000000000000000000000000000000
00000000000000000000000000000000000000000000000000
00000000000000000000000000000000000000000000000000
00000000000000000000000000000000000000000000000000
00000000000000000000000000000000000000000000000000

